100 300
0 1
0 2
0 3
1 4
1 5
2 6
2 7
3 8
3 9
4 10
4 11
5 12
5 13
6 14
6 15
7 16
7 17
8 18
8 19
9 20
9 21
10 22
10 23
11 24
11 25
12 26
12 27
13 28
13 29
14 30
14 31
15 32
15 33
16 34
16 35
17 36
17 37
18 38
18 39
19 40
19 41
20 42
20 43
21 44
21 45
22 46
22 47
23 48
23 49
24 50
24 51
25 52
25 53
26 54
26 55
27 56
27 57
28 58
28 59
29 60
29 61
30 62
30 63
31 64
31 65
32 66
32 67
33 68
33 69
34 70
34 71
35 72
35 73
36 74
36 75
37 76
37 77
38 78
38 79
39 80
39 81
40 82
40 83
41 84
41 85
42 86
42 87
43 88
43 89
44 90
44 91
45 92
45 93
46 94
46 95
47 96
47 97
48 98
48 99
49 0
50 1
51 2
52 3
53 4
54 5
55 6
56 7
57 8
58 9
59 10
60 11
61 12
62 13
63 14
64 15
65 16
66 17
67 18
68 19
69 20
70 21
71 22
72 23
73 24
74 25
75 26
76 27
77 28
78 29
79 30
80 31
81 32
82 33
83 34
84 35
85 36
86 37
87 38
88 39
89 40
90 41
91 42
92 43
93 44
94 45
95 46
96 47
97 48
98 49
99 50
0 51
1 52
2 53
3 54
4 55
5 56
6 57
7 58
8 59
9 60
10 61
11 62
12 63
13 64
14 65
15 66
16 67
17 68
18 69
19 70
20 71
21 72
22 73
23 74
24 75
25 76
26 77
27 78
28 79
29 80
30 81
31 82
32 83
33 84
34 85
35 86
36 87
37 88
38 89
39 90
40 91
41 92
42 93
43 94
44 95
45 96
46 97
47 98
48 99
49 0
50 2
51 4
52 6
53 8
54 10
55 12
56 14
57 16
58 18
59 20
60 22
61 24
62 26
63 28
64 30
65 32
66 34
67 36
68 38
69 40
70 42
71 44
72 46
73 48
74 50
75 52
76 54
77 56
78 58
79 60
80 62
81 64
82 66
83 68
84 70
85 72
86 74
87 76
88 78
89 80
90 82
91 84
92 86
93 88
94 90
95 92
96 94
97 96
98 98
99 0
0 10
10 20
20 30
30 40
40 50
50 60
60 70
70 80
80 90
90 0
1 11
11 21
21 31
31 41
41 51
51 61
61 71
71 81
81 91
91 1
2 12
12 22
22 32
32 42
42 52
52 62
62 72
72 82
82 92
92 2
3 13
13 23
23 33
33 43
43 53
53 63
63 73
73 83
83 93
93 3
4 14
14 24
24 34
34 44
44 54
54 64
64 74
74 84
84 94
94 4