200
154
23
876
12
65
431
98
234
567
321
789
45
678
901
222
543
111
654
777
888
999
135
246
357
468
579
680
791
802
913
124
235
346
457
568
679
780
891
902
101
202
303
404
505
606
707
808
909
100
201
302
403
504
605
706
807
908
109
210
321
432
543
654
765
876
987
111
222
333
444
555
666
777
888
999
147
258
369
159
357
753
951
852
741
963
852
741
159
357
456
654
852
951
753
258
147
369
111
444
777
222
555
888
333
666
999
120
240
360
480
600
720
840
960
135
270
405
540
675
810
945
111
222
333
444
555
666
777
888
999
121
242
363
484
605
726
847
968
139
278
417
556
695
834
973
112
223
334
445
556
667
778
889
990
101
303
505
707
909
808
606
404
202
123
234
345
456
567
678
789
890
901
147
258
369
741
852
963
159
357
456
654
753
852
951
111
213
315
417
519
621
723
825
927
102
204
306
408
510
612
714
816
918
111
222
333
444
555
666
777
888
999
321
654
987
147
258
369
741
852
963
159
357
753
951
852
741
369
258
147